% 10
waypoints = [
    101,101;

    85,6;  
    96,49; 
    92, 79;  

    56, 11;   
    58,52;
    56,88;

    9,12;
    12,35;
    24,63;
    17,90;
];


% 20
waypoints = [
    101,101;

    85,6;  
    96,62;
    92,41; 
    87,23;
    92, 79;  

    59, 11;  
    59,30;
    58,52;
    62,68;
    56,88;

    31,11;
    36,29;
    35,46;
    37,66;
    37,85;

    9,12;
    13,35;
    14,72;
    17,90;
    17,51;

];


%30
waypoints = [
    101,101;
    100,9;
    101,32;
    101,49;
    99,66;
    103,83;

    80,10;
    80,29;
    79,46;
    80,64;
    78,83;

    60,8;
    61,23;
    62,42;
    62,62;
    61,90;

    42,7;
    44,25;
    42,43;
    43,64;
    45,87

    25,9;
    27,44;
    29,68;
    30,29;
    32,87;

    9,10;
    10,29;
    11,46;
    9,70;
    14,88
];

%50
waypoints = [
    101,101;

    100,9;
    101,28;
    101,42;
    102,57;
    103,71;
    102,84;

    85,7;
    84,20;
    85,34;
    83,46;
    84,60;
    83,72;
    85,85;
    83,95;

    71,7;
    70,20;
    71,32;
    69,46;
    70,60;
    69,75;
    70,90;

    53,5;
    55,17;
    55,32;
    56,46;
    55,61;
    56,76
    55,92;

    39,5;
    40,14;
    41,26;
    39,40;
    42,52;
    40,64;
    39,77;
    40,92;
    
    25,4;
    27,18;
    26,35;
    26,48;
    28,64;
    26,79;
    27,96;

    10,4;
    11,18;
    12,36;
    12,52;
    13,65;
    15,82;
    13,96;
];